10
r1;1;2;3;4;5;6;7;8;9;10
r2;1;2;3;4;5;6;7;8;9;10
r3;1;2;3;4;5;6;7;8;9;10
r4;1;2;3;4;5;6;7;8;9;10
r5;1;2;3;4;5;6;7;8;9;10
r6;1;2;3;4;5;6;7;8;9;10
r7;1;2;3;4;5;6;7;8;9;10
r8;1;2;3;4;5;6;7;8;9;10
r9;1;2;3;4;5;6;7;8;9;10
r10;1;2;3;4;5;6;7;8;9;10
45
ext
r1;r2
72
3;1
1;3
4;1
1;4
5;1
1;5
6;1
1;6
7;1
1;7
8;1
1;8
9;1
1;9
10;1
1;10
4;2
2;4
5;2
2;5
6;2
2;6
7;2
2;7
8;2
2;8
9;2
2;9
10;2
2;10
5;3
3;5
6;3
3;6
7;3
3;7
8;3
3;8
9;3
3;9
10;3
3;10
6;4
4;6
7;4
4;7
8;4
4;8
9;4
4;9
10;4
4;10
7;5
5;7
8;5
5;8
9;5
5;9
10;5
5;10
8;6
6;8
9;6
6;9
10;6
6;10
9;7
7;9
10;7
7;10
10;8
8;10
ext
r1;r3
74
2;1
1;2
4;1
1;4
5;1
1;5
6;1
1;6
7;1
1;7
8;1
1;8
9;1
1;9
10;1
1;10
3;2
2;3
5;2
2;5
6;2
2;6
7;2
2;7
8;2
2;8
9;2
2;9
10;2
2;10
4;3
3;4
6;3
3;6
7;3
3;7
8;3
3;8
9;3
3;9
10;3
3;10
5;4
4;5
7;4
4;7
8;4
4;8
9;4
4;9
10;4
4;10
6;5
5;6
8;5
5;8
9;5
5;9
10;5
5;10
7;6
6;7
9;6
6;9
10;6
6;10
8;7
7;8
10;7
7;10
9;8
8;9
10;9
9;10
ext
r1;r4
76
2;1
1;2
3;1
1;3
5;1
1;5
6;1
1;6
7;1
1;7
8;1
1;8
9;1
1;9
10;1
1;10
3;2
2;3
4;2
2;4
6;2
2;6
7;2
2;7
8;2
2;8
9;2
2;9
10;2
2;10
4;3
3;4
5;3
3;5
7;3
3;7
8;3
3;8
9;3
3;9
10;3
3;10
5;4
4;5
6;4
4;6
8;4
4;8
9;4
4;9
10;4
4;10
6;5
5;6
7;5
5;7
9;5
5;9
10;5
5;10
7;6
6;7
8;6
6;8
10;6
6;10
8;7
7;8
9;7
7;9
9;8
8;9
10;8
8;10
10;9
9;10
ext
r1;r5
78
2;1
1;2
3;1
1;3
4;1
1;4
6;1
1;6
7;1
1;7
8;1
1;8
9;1
1;9
10;1
1;10
3;2
2;3
4;2
2;4
5;2
2;5
7;2
2;7
8;2
2;8
9;2
2;9
10;2
2;10
4;3
3;4
5;3
3;5
6;3
3;6
8;3
3;8
9;3
3;9
10;3
3;10
5;4
4;5
6;4
4;6
7;4
4;7
9;4
4;9
10;4
4;10
6;5
5;6
7;5
5;7
8;5
5;8
10;5
5;10
7;6
6;7
8;6
6;8
9;6
6;9
8;7
7;8
9;7
7;9
10;7
7;10
9;8
8;9
10;8
8;10
10;9
9;10
ext
r1;r6
80
2;1
1;2
3;1
1;3
4;1
1;4
5;1
1;5
7;1
1;7
8;1
1;8
9;1
1;9
10;1
1;10
3;2
2;3
4;2
2;4
5;2
2;5
6;2
2;6
8;2
2;8
9;2
2;9
10;2
2;10
4;3
3;4
5;3
3;5
6;3
3;6
7;3
3;7
9;3
3;9
10;3
3;10
5;4
4;5
6;4
4;6
7;4
4;7
8;4
4;8
10;4
4;10
6;5
5;6
7;5
5;7
8;5
5;8
9;5
5;9
7;6
6;7
8;6
6;8
9;6
6;9
10;6
6;10
8;7
7;8
9;7
7;9
10;7
7;10
9;8
8;9
10;8
8;10
10;9
9;10
ext
r1;r7
82
2;1
1;2
3;1
1;3
4;1
1;4
5;1
1;5
6;1
1;6
8;1
1;8
9;1
1;9
10;1
1;10
3;2
2;3
4;2
2;4
5;2
2;5
6;2
2;6
7;2
2;7
9;2
2;9
10;2
2;10
4;3
3;4
5;3
3;5
6;3
3;6
7;3
3;7
8;3
3;8
10;3
3;10
5;4
4;5
6;4
4;6
7;4
4;7
8;4
4;8
9;4
4;9
6;5
5;6
7;5
5;7
8;5
5;8
9;5
5;9
10;5
5;10
7;6
6;7
8;6
6;8
9;6
6;9
10;6
6;10
8;7
7;8
9;7
7;9
10;7
7;10
9;8
8;9
10;8
8;10
10;9
9;10
ext
r1;r8
84
2;1
1;2
3;1
1;3
4;1
1;4
5;1
1;5
6;1
1;6
7;1
1;7
9;1
1;9
10;1
1;10
3;2
2;3
4;2
2;4
5;2
2;5
6;2
2;6
7;2
2;7
8;2
2;8
10;2
2;10
4;3
3;4
5;3
3;5
6;3
3;6
7;3
3;7
8;3
3;8
9;3
3;9
5;4
4;5
6;4
4;6
7;4
4;7
8;4
4;8
9;4
4;9
10;4
4;10
6;5
5;6
7;5
5;7
8;5
5;8
9;5
5;9
10;5
5;10
7;6
6;7
8;6
6;8
9;6
6;9
10;6
6;10
8;7
7;8
9;7
7;9
10;7
7;10
9;8
8;9
10;8
8;10
10;9
9;10
ext
r1;r9
86
2;1
1;2
3;1
1;3
4;1
1;4
5;1
1;5
6;1
1;6
7;1
1;7
8;1
1;8
10;1
1;10
3;2
2;3
4;2
2;4
5;2
2;5
6;2
2;6
7;2
2;7
8;2
2;8
9;2
2;9
4;3
3;4
5;3
3;5
6;3
3;6
7;3
3;7
8;3
3;8
9;3
3;9
10;3
3;10
5;4
4;5
6;4
4;6
7;4
4;7
8;4
4;8
9;4
4;9
10;4
4;10
6;5
5;6
7;5
5;7
8;5
5;8
9;5
5;9
10;5
5;10
7;6
6;7
8;6
6;8
9;6
6;9
10;6
6;10
8;7
7;8
9;7
7;9
10;7
7;10
9;8
8;9
10;8
8;10
10;9
9;10
ext
r1;r10
88
2;1
1;2
3;1
1;3
4;1
1;4
5;1
1;5
6;1
1;6
7;1
1;7
8;1
1;8
9;1
1;9
3;2
2;3
4;2
2;4
5;2
2;5
6;2
2;6
7;2
2;7
8;2
2;8
9;2
2;9
10;2
2;10
4;3
3;4
5;3
3;5
6;3
3;6
7;3
3;7
8;3
3;8
9;3
3;9
10;3
3;10
5;4
4;5
6;4
4;6
7;4
4;7
8;4
4;8
9;4
4;9
10;4
4;10
6;5
5;6
7;5
5;7
8;5
5;8
9;5
5;9
10;5
5;10
7;6
6;7
8;6
6;8
9;6
6;9
10;6
6;10
8;7
7;8
9;7
7;9
10;7
7;10
9;8
8;9
10;8
8;10
10;9
9;10
ext
r2;r3
72
3;1
1;3
4;1
1;4
5;1
1;5
6;1
1;6
7;1
1;7
8;1
1;8
9;1
1;9
10;1
1;10
4;2
2;4
5;2
2;5
6;2
2;6
7;2
2;7
8;2
2;8
9;2
2;9
10;2
2;10
5;3
3;5
6;3
3;6
7;3
3;7
8;3
3;8
9;3
3;9
10;3
3;10
6;4
4;6
7;4
4;7
8;4
4;8
9;4
4;9
10;4
4;10
7;5
5;7
8;5
5;8
9;5
5;9
10;5
5;10
8;6
6;8
9;6
6;9
10;6
6;10
9;7
7;9
10;7
7;10
10;8
8;10
ext
r2;r4
74
2;1
1;2
4;1
1;4
5;1
1;5
6;1
1;6
7;1
1;7
8;1
1;8
9;1
1;9
10;1
1;10
3;2
2;3
5;2
2;5
6;2
2;6
7;2
2;7
8;2
2;8
9;2
2;9
10;2
2;10
4;3
3;4
6;3
3;6
7;3
3;7
8;3
3;8
9;3
3;9
10;3
3;10
5;4
4;5
7;4
4;7
8;4
4;8
9;4
4;9
10;4
4;10
6;5
5;6
8;5
5;8
9;5
5;9
10;5
5;10
7;6
6;7
9;6
6;9
10;6
6;10
8;7
7;8
10;7
7;10
9;8
8;9
10;9
9;10
ext
r2;r5
76
2;1
1;2
3;1
1;3
5;1
1;5
6;1
1;6
7;1
1;7
8;1
1;8
9;1
1;9
10;1
1;10
3;2
2;3
4;2
2;4
6;2
2;6
7;2
2;7
8;2
2;8
9;2
2;9
10;2
2;10
4;3
3;4
5;3
3;5
7;3
3;7
8;3
3;8
9;3
3;9
10;3
3;10
5;4
4;5
6;4
4;6
8;4
4;8
9;4
4;9
10;4
4;10
6;5
5;6
7;5
5;7
9;5
5;9
10;5
5;10
7;6
6;7
8;6
6;8
10;6
6;10
8;7
7;8
9;7
7;9
9;8
8;9
10;8
8;10
10;9
9;10
ext
r2;r6
78
2;1
1;2
3;1
1;3
4;1
1;4
6;1
1;6
7;1
1;7
8;1
1;8
9;1
1;9
10;1
1;10
3;2
2;3
4;2
2;4
5;2
2;5
7;2
2;7
8;2
2;8
9;2
2;9
10;2
2;10
4;3
3;4
5;3
3;5
6;3
3;6
8;3
3;8
9;3
3;9
10;3
3;10
5;4
4;5
6;4
4;6
7;4
4;7
9;4
4;9
10;4
4;10
6;5
5;6
7;5
5;7
8;5
5;8
10;5
5;10
7;6
6;7
8;6
6;8
9;6
6;9
8;7
7;8
9;7
7;9
10;7
7;10
9;8
8;9
10;8
8;10
10;9
9;10
ext
r2;r7
80
2;1
1;2
3;1
1;3
4;1
1;4
5;1
1;5
7;1
1;7
8;1
1;8
9;1
1;9
10;1
1;10
3;2
2;3
4;2
2;4
5;2
2;5
6;2
2;6
8;2
2;8
9;2
2;9
10;2
2;10
4;3
3;4
5;3
3;5
6;3
3;6
7;3
3;7
9;3
3;9
10;3
3;10
5;4
4;5
6;4
4;6
7;4
4;7
8;4
4;8
10;4
4;10
6;5
5;6
7;5
5;7
8;5
5;8
9;5
5;9
7;6
6;7
8;6
6;8
9;6
6;9
10;6
6;10
8;7
7;8
9;7
7;9
10;7
7;10
9;8
8;9
10;8
8;10
10;9
9;10
ext
r2;r8
82
2;1
1;2
3;1
1;3
4;1
1;4
5;1
1;5
6;1
1;6
8;1
1;8
9;1
1;9
10;1
1;10
3;2
2;3
4;2
2;4
5;2
2;5
6;2
2;6
7;2
2;7
9;2
2;9
10;2
2;10
4;3
3;4
5;3
3;5
6;3
3;6
7;3
3;7
8;3
3;8
10;3
3;10
5;4
4;5
6;4
4;6
7;4
4;7
8;4
4;8
9;4
4;9
6;5
5;6
7;5
5;7
8;5
5;8
9;5
5;9
10;5
5;10
7;6
6;7
8;6
6;8
9;6
6;9
10;6
6;10
8;7
7;8
9;7
7;9
10;7
7;10
9;8
8;9
10;8
8;10
10;9
9;10
ext
r2;r9
84
2;1
1;2
3;1
1;3
4;1
1;4
5;1
1;5
6;1
1;6
7;1
1;7
9;1
1;9
10;1
1;10
3;2
2;3
4;2
2;4
5;2
2;5
6;2
2;6
7;2
2;7
8;2
2;8
10;2
2;10
4;3
3;4
5;3
3;5
6;3
3;6
7;3
3;7
8;3
3;8
9;3
3;9
5;4
4;5
6;4
4;6
7;4
4;7
8;4
4;8
9;4
4;9
10;4
4;10
6;5
5;6
7;5
5;7
8;5
5;8
9;5
5;9
10;5
5;10
7;6
6;7
8;6
6;8
9;6
6;9
10;6
6;10
8;7
7;8
9;7
7;9
10;7
7;10
9;8
8;9
10;8
8;10
10;9
9;10
ext
r2;r10
86
2;1
1;2
3;1
1;3
4;1
1;4
5;1
1;5
6;1
1;6
7;1
1;7
8;1
1;8
10;1
1;10
3;2
2;3
4;2
2;4
5;2
2;5
6;2
2;6
7;2
2;7
8;2
2;8
9;2
2;9
4;3
3;4
5;3
3;5
6;3
3;6
7;3
3;7
8;3
3;8
9;3
3;9
10;3
3;10
5;4
4;5
6;4
4;6
7;4
4;7
8;4
4;8
9;4
4;9
10;4
4;10
6;5
5;6
7;5
5;7
8;5
5;8
9;5
5;9
10;5
5;10
7;6
6;7
8;6
6;8
9;6
6;9
10;6
6;10
8;7
7;8
9;7
7;9
10;7
7;10
9;8
8;9
10;8
8;10
10;9
9;10
ext
r3;r4
72
3;1
1;3
4;1
1;4
5;1
1;5
6;1
1;6
7;1
1;7
8;1
1;8
9;1
1;9
10;1
1;10
4;2
2;4
5;2
2;5
6;2
2;6
7;2
2;7
8;2
2;8
9;2
2;9
10;2
2;10
5;3
3;5
6;3
3;6
7;3
3;7
8;3
3;8
9;3
3;9
10;3
3;10
6;4
4;6
7;4
4;7
8;4
4;8
9;4
4;9
10;4
4;10
7;5
5;7
8;5
5;8
9;5
5;9
10;5
5;10
8;6
6;8
9;6
6;9
10;6
6;10
9;7
7;9
10;7
7;10
10;8
8;10
ext
r3;r5
74
2;1
1;2
4;1
1;4
5;1
1;5
6;1
1;6
7;1
1;7
8;1
1;8
9;1
1;9
10;1
1;10
3;2
2;3
5;2
2;5
6;2
2;6
7;2
2;7
8;2
2;8
9;2
2;9
10;2
2;10
4;3
3;4
6;3
3;6
7;3
3;7
8;3
3;8
9;3
3;9
10;3
3;10
5;4
4;5
7;4
4;7
8;4
4;8
9;4
4;9
10;4
4;10
6;5
5;6
8;5
5;8
9;5
5;9
10;5
5;10
7;6
6;7
9;6
6;9
10;6
6;10
8;7
7;8
10;7
7;10
9;8
8;9
10;9
9;10
ext
r3;r6
76
2;1
1;2
3;1
1;3
5;1
1;5
6;1
1;6
7;1
1;7
8;1
1;8
9;1
1;9
10;1
1;10
3;2
2;3
4;2
2;4
6;2
2;6
7;2
2;7
8;2
2;8
9;2
2;9
10;2
2;10
4;3
3;4
5;3
3;5
7;3
3;7
8;3
3;8
9;3
3;9
10;3
3;10
5;4
4;5
6;4
4;6
8;4
4;8
9;4
4;9
10;4
4;10
6;5
5;6
7;5
5;7
9;5
5;9
10;5
5;10
7;6
6;7
8;6
6;8
10;6
6;10
8;7
7;8
9;7
7;9
9;8
8;9
10;8
8;10
10;9
9;10
ext
r3;r7
78
2;1
1;2
3;1
1;3
4;1
1;4
6;1
1;6
7;1
1;7
8;1
1;8
9;1
1;9
10;1
1;10
3;2
2;3
4;2
2;4
5;2
2;5
7;2
2;7
8;2
2;8
9;2
2;9
10;2
2;10
4;3
3;4
5;3
3;5
6;3
3;6
8;3
3;8
9;3
3;9
10;3
3;10
5;4
4;5
6;4
4;6
7;4
4;7
9;4
4;9
10;4
4;10
6;5
5;6
7;5
5;7
8;5
5;8
10;5
5;10
7;6
6;7
8;6
6;8
9;6
6;9
8;7
7;8
9;7
7;9
10;7
7;10
9;8
8;9
10;8
8;10
10;9
9;10
ext
r3;r8
80
2;1
1;2
3;1
1;3
4;1
1;4
5;1
1;5
7;1
1;7
8;1
1;8
9;1
1;9
10;1
1;10
3;2
2;3
4;2
2;4
5;2
2;5
6;2
2;6
8;2
2;8
9;2
2;9
10;2
2;10
4;3
3;4
5;3
3;5
6;3
3;6
7;3
3;7
9;3
3;9
10;3
3;10
5;4
4;5
6;4
4;6
7;4
4;7
8;4
4;8
10;4
4;10
6;5
5;6
7;5
5;7
8;5
5;8
9;5
5;9
7;6
6;7
8;6
6;8
9;6
6;9
10;6
6;10
8;7
7;8
9;7
7;9
10;7
7;10
9;8
8;9
10;8
8;10
10;9
9;10
ext
r3;r9
82
2;1
1;2
3;1
1;3
4;1
1;4
5;1
1;5
6;1
1;6
8;1
1;8
9;1
1;9
10;1
1;10
3;2
2;3
4;2
2;4
5;2
2;5
6;2
2;6
7;2
2;7
9;2
2;9
10;2
2;10
4;3
3;4
5;3
3;5
6;3
3;6
7;3
3;7
8;3
3;8
10;3
3;10
5;4
4;5
6;4
4;6
7;4
4;7
8;4
4;8
9;4
4;9
6;5
5;6
7;5
5;7
8;5
5;8
9;5
5;9
10;5
5;10
7;6
6;7
8;6
6;8
9;6
6;9
10;6
6;10
8;7
7;8
9;7
7;9
10;7
7;10
9;8
8;9
10;8
8;10
10;9
9;10
ext
r3;r10
84
2;1
1;2
3;1
1;3
4;1
1;4
5;1
1;5
6;1
1;6
7;1
1;7
9;1
1;9
10;1
1;10
3;2
2;3
4;2
2;4
5;2
2;5
6;2
2;6
7;2
2;7
8;2
2;8
10;2
2;10
4;3
3;4
5;3
3;5
6;3
3;6
7;3
3;7
8;3
3;8
9;3
3;9
5;4
4;5
6;4
4;6
7;4
4;7
8;4
4;8
9;4
4;9
10;4
4;10
6;5
5;6
7;5
5;7
8;5
5;8
9;5
5;9
10;5
5;10
7;6
6;7
8;6
6;8
9;6
6;9
10;6
6;10
8;7
7;8
9;7
7;9
10;7
7;10
9;8
8;9
10;8
8;10
10;9
9;10
ext
r4;r5
72
3;1
1;3
4;1
1;4
5;1
1;5
6;1
1;6
7;1
1;7
8;1
1;8
9;1
1;9
10;1
1;10
4;2
2;4
5;2
2;5
6;2
2;6
7;2
2;7
8;2
2;8
9;2
2;9
10;2
2;10
5;3
3;5
6;3
3;6
7;3
3;7
8;3
3;8
9;3
3;9
10;3
3;10
6;4
4;6
7;4
4;7
8;4
4;8
9;4
4;9
10;4
4;10
7;5
5;7
8;5
5;8
9;5
5;9
10;5
5;10
8;6
6;8
9;6
6;9
10;6
6;10
9;7
7;9
10;7
7;10
10;8
8;10
ext
r4;r6
74
2;1
1;2
4;1
1;4
5;1
1;5
6;1
1;6
7;1
1;7
8;1
1;8
9;1
1;9
10;1
1;10
3;2
2;3
5;2
2;5
6;2
2;6
7;2
2;7
8;2
2;8
9;2
2;9
10;2
2;10
4;3
3;4
6;3
3;6
7;3
3;7
8;3
3;8
9;3
3;9
10;3
3;10
5;4
4;5
7;4
4;7
8;4
4;8
9;4
4;9
10;4
4;10
6;5
5;6
8;5
5;8
9;5
5;9
10;5
5;10
7;6
6;7
9;6
6;9
10;6
6;10
8;7
7;8
10;7
7;10
9;8
8;9
10;9
9;10
ext
r4;r7
76
2;1
1;2
3;1
1;3
5;1
1;5
6;1
1;6
7;1
1;7
8;1
1;8
9;1
1;9
10;1
1;10
3;2
2;3
4;2
2;4
6;2
2;6
7;2
2;7
8;2
2;8
9;2
2;9
10;2
2;10
4;3
3;4
5;3
3;5
7;3
3;7
8;3
3;8
9;3
3;9
10;3
3;10
5;4
4;5
6;4
4;6
8;4
4;8
9;4
4;9
10;4
4;10
6;5
5;6
7;5
5;7
9;5
5;9
10;5
5;10
7;6
6;7
8;6
6;8
10;6
6;10
8;7
7;8
9;7
7;9
9;8
8;9
10;8
8;10
10;9
9;10
ext
r4;r8
78
2;1
1;2
3;1
1;3
4;1
1;4
6;1
1;6
7;1
1;7
8;1
1;8
9;1
1;9
10;1
1;10
3;2
2;3
4;2
2;4
5;2
2;5
7;2
2;7
8;2
2;8
9;2
2;9
10;2
2;10
4;3
3;4
5;3
3;5
6;3
3;6
8;3
3;8
9;3
3;9
10;3
3;10
5;4
4;5
6;4
4;6
7;4
4;7
9;4
4;9
10;4
4;10
6;5
5;6
7;5
5;7
8;5
5;8
10;5
5;10
7;6
6;7
8;6
6;8
9;6
6;9
8;7
7;8
9;7
7;9
10;7
7;10
9;8
8;9
10;8
8;10
10;9
9;10
ext
r4;r9
80
2;1
1;2
3;1
1;3
4;1
1;4
5;1
1;5
7;1
1;7
8;1
1;8
9;1
1;9
10;1
1;10
3;2
2;3
4;2
2;4
5;2
2;5
6;2
2;6
8;2
2;8
9;2
2;9
10;2
2;10
4;3
3;4
5;3
3;5
6;3
3;6
7;3
3;7
9;3
3;9
10;3
3;10
5;4
4;5
6;4
4;6
7;4
4;7
8;4
4;8
10;4
4;10
6;5
5;6
7;5
5;7
8;5
5;8
9;5
5;9
7;6
6;7
8;6
6;8
9;6
6;9
10;6
6;10
8;7
7;8
9;7
7;9
10;7
7;10
9;8
8;9
10;8
8;10
10;9
9;10
ext
r4;r10
82
2;1
1;2
3;1
1;3
4;1
1;4
5;1
1;5
6;1
1;6
8;1
1;8
9;1
1;9
10;1
1;10
3;2
2;3
4;2
2;4
5;2
2;5
6;2
2;6
7;2
2;7
9;2
2;9
10;2
2;10
4;3
3;4
5;3
3;5
6;3
3;6
7;3
3;7
8;3
3;8
10;3
3;10
5;4
4;5
6;4
4;6
7;4
4;7
8;4
4;8
9;4
4;9
6;5
5;6
7;5
5;7
8;5
5;8
9;5
5;9
10;5
5;10
7;6
6;7
8;6
6;8
9;6
6;9
10;6
6;10
8;7
7;8
9;7
7;9
10;7
7;10
9;8
8;9
10;8
8;10
10;9
9;10
ext
r5;r6
72
3;1
1;3
4;1
1;4
5;1
1;5
6;1
1;6
7;1
1;7
8;1
1;8
9;1
1;9
10;1
1;10
4;2
2;4
5;2
2;5
6;2
2;6
7;2
2;7
8;2
2;8
9;2
2;9
10;2
2;10
5;3
3;5
6;3
3;6
7;3
3;7
8;3
3;8
9;3
3;9
10;3
3;10
6;4
4;6
7;4
4;7
8;4
4;8
9;4
4;9
10;4
4;10
7;5
5;7
8;5
5;8
9;5
5;9
10;5
5;10
8;6
6;8
9;6
6;9
10;6
6;10
9;7
7;9
10;7
7;10
10;8
8;10
ext
r5;r7
74
2;1
1;2
4;1
1;4
5;1
1;5
6;1
1;6
7;1
1;7
8;1
1;8
9;1
1;9
10;1
1;10
3;2
2;3
5;2
2;5
6;2
2;6
7;2
2;7
8;2
2;8
9;2
2;9
10;2
2;10
4;3
3;4
6;3
3;6
7;3
3;7
8;3
3;8
9;3
3;9
10;3
3;10
5;4
4;5
7;4
4;7
8;4
4;8
9;4
4;9
10;4
4;10
6;5
5;6
8;5
5;8
9;5
5;9
10;5
5;10
7;6
6;7
9;6
6;9
10;6
6;10
8;7
7;8
10;7
7;10
9;8
8;9
10;9
9;10
ext
r5;r8
76
2;1
1;2
3;1
1;3
5;1
1;5
6;1
1;6
7;1
1;7
8;1
1;8
9;1
1;9
10;1
1;10
3;2
2;3
4;2
2;4
6;2
2;6
7;2
2;7
8;2
2;8
9;2
2;9
10;2
2;10
4;3
3;4
5;3
3;5
7;3
3;7
8;3
3;8
9;3
3;9
10;3
3;10
5;4
4;5
6;4
4;6
8;4
4;8
9;4
4;9
10;4
4;10
6;5
5;6
7;5
5;7
9;5
5;9
10;5
5;10
7;6
6;7
8;6
6;8
10;6
6;10
8;7
7;8
9;7
7;9
9;8
8;9
10;8
8;10
10;9
9;10
ext
r5;r9
78
2;1
1;2
3;1
1;3
4;1
1;4
6;1
1;6
7;1
1;7
8;1
1;8
9;1
1;9
10;1
1;10
3;2
2;3
4;2
2;4
5;2
2;5
7;2
2;7
8;2
2;8
9;2
2;9
10;2
2;10
4;3
3;4
5;3
3;5
6;3
3;6
8;3
3;8
9;3
3;9
10;3
3;10
5;4
4;5
6;4
4;6
7;4
4;7
9;4
4;9
10;4
4;10
6;5
5;6
7;5
5;7
8;5
5;8
10;5
5;10
7;6
6;7
8;6
6;8
9;6
6;9
8;7
7;8
9;7
7;9
10;7
7;10
9;8
8;9
10;8
8;10
10;9
9;10
ext
r5;r10
80
2;1
1;2
3;1
1;3
4;1
1;4
5;1
1;5
7;1
1;7
8;1
1;8
9;1
1;9
10;1
1;10
3;2
2;3
4;2
2;4
5;2
2;5
6;2
2;6
8;2
2;8
9;2
2;9
10;2
2;10
4;3
3;4
5;3
3;5
6;3
3;6
7;3
3;7
9;3
3;9
10;3
3;10
5;4
4;5
6;4
4;6
7;4
4;7
8;4
4;8
10;4
4;10
6;5
5;6
7;5
5;7
8;5
5;8
9;5
5;9
7;6
6;7
8;6
6;8
9;6
6;9
10;6
6;10
8;7
7;8
9;7
7;9
10;7
7;10
9;8
8;9
10;8
8;10
10;9
9;10
ext
r6;r7
72
3;1
1;3
4;1
1;4
5;1
1;5
6;1
1;6
7;1
1;7
8;1
1;8
9;1
1;9
10;1
1;10
4;2
2;4
5;2
2;5
6;2
2;6
7;2
2;7
8;2
2;8
9;2
2;9
10;2
2;10
5;3
3;5
6;3
3;6
7;3
3;7
8;3
3;8
9;3
3;9
10;3
3;10
6;4
4;6
7;4
4;7
8;4
4;8
9;4
4;9
10;4
4;10
7;5
5;7
8;5
5;8
9;5
5;9
10;5
5;10
8;6
6;8
9;6
6;9
10;6
6;10
9;7
7;9
10;7
7;10
10;8
8;10
ext
r6;r8
74
2;1
1;2
4;1
1;4
5;1
1;5
6;1
1;6
7;1
1;7
8;1
1;8
9;1
1;9
10;1
1;10
3;2
2;3
5;2
2;5
6;2
2;6
7;2
2;7
8;2
2;8
9;2
2;9
10;2
2;10
4;3
3;4
6;3
3;6
7;3
3;7
8;3
3;8
9;3
3;9
10;3
3;10
5;4
4;5
7;4
4;7
8;4
4;8
9;4
4;9
10;4
4;10
6;5
5;6
8;5
5;8
9;5
5;9
10;5
5;10
7;6
6;7
9;6
6;9
10;6
6;10
8;7
7;8
10;7
7;10
9;8
8;9
10;9
9;10
ext
r6;r9
76
2;1
1;2
3;1
1;3
5;1
1;5
6;1
1;6
7;1
1;7
8;1
1;8
9;1
1;9
10;1
1;10
3;2
2;3
4;2
2;4
6;2
2;6
7;2
2;7
8;2
2;8
9;2
2;9
10;2
2;10
4;3
3;4
5;3
3;5
7;3
3;7
8;3
3;8
9;3
3;9
10;3
3;10
5;4
4;5
6;4
4;6
8;4
4;8
9;4
4;9
10;4
4;10
6;5
5;6
7;5
5;7
9;5
5;9
10;5
5;10
7;6
6;7
8;6
6;8
10;6
6;10
8;7
7;8
9;7
7;9
9;8
8;9
10;8
8;10
10;9
9;10
ext
r6;r10
78
2;1
1;2
3;1
1;3
4;1
1;4
6;1
1;6
7;1
1;7
8;1
1;8
9;1
1;9
10;1
1;10
3;2
2;3
4;2
2;4
5;2
2;5
7;2
2;7
8;2
2;8
9;2
2;9
10;2
2;10
4;3
3;4
5;3
3;5
6;3
3;6
8;3
3;8
9;3
3;9
10;3
3;10
5;4
4;5
6;4
4;6
7;4
4;7
9;4
4;9
10;4
4;10
6;5
5;6
7;5
5;7
8;5
5;8
10;5
5;10
7;6
6;7
8;6
6;8
9;6
6;9
8;7
7;8
9;7
7;9
10;7
7;10
9;8
8;9
10;8
8;10
10;9
9;10
ext
r7;r8
72
3;1
1;3
4;1
1;4
5;1
1;5
6;1
1;6
7;1
1;7
8;1
1;8
9;1
1;9
10;1
1;10
4;2
2;4
5;2
2;5
6;2
2;6
7;2
2;7
8;2
2;8
9;2
2;9
10;2
2;10
5;3
3;5
6;3
3;6
7;3
3;7
8;3
3;8
9;3
3;9
10;3
3;10
6;4
4;6
7;4
4;7
8;4
4;8
9;4
4;9
10;4
4;10
7;5
5;7
8;5
5;8
9;5
5;9
10;5
5;10
8;6
6;8
9;6
6;9
10;6
6;10
9;7
7;9
10;7
7;10
10;8
8;10
ext
r7;r9
74
2;1
1;2
4;1
1;4
5;1
1;5
6;1
1;6
7;1
1;7
8;1
1;8
9;1
1;9
10;1
1;10
3;2
2;3
5;2
2;5
6;2
2;6
7;2
2;7
8;2
2;8
9;2
2;9
10;2
2;10
4;3
3;4
6;3
3;6
7;3
3;7
8;3
3;8
9;3
3;9
10;3
3;10
5;4
4;5
7;4
4;7
8;4
4;8
9;4
4;9
10;4
4;10
6;5
5;6
8;5
5;8
9;5
5;9
10;5
5;10
7;6
6;7
9;6
6;9
10;6
6;10
8;7
7;8
10;7
7;10
9;8
8;9
10;9
9;10
ext
r7;r10
76
2;1
1;2
3;1
1;3
5;1
1;5
6;1
1;6
7;1
1;7
8;1
1;8
9;1
1;9
10;1
1;10
3;2
2;3
4;2
2;4
6;2
2;6
7;2
2;7
8;2
2;8
9;2
2;9
10;2
2;10
4;3
3;4
5;3
3;5
7;3
3;7
8;3
3;8
9;3
3;9
10;3
3;10
5;4
4;5
6;4
4;6
8;4
4;8
9;4
4;9
10;4
4;10
6;5
5;6
7;5
5;7
9;5
5;9
10;5
5;10
7;6
6;7
8;6
6;8
10;6
6;10
8;7
7;8
9;7
7;9
9;8
8;9
10;8
8;10
10;9
9;10
ext
r8;r9
72
3;1
1;3
4;1
1;4
5;1
1;5
6;1
1;6
7;1
1;7
8;1
1;8
9;1
1;9
10;1
1;10
4;2
2;4
5;2
2;5
6;2
2;6
7;2
2;7
8;2
2;8
9;2
2;9
10;2
2;10
5;3
3;5
6;3
3;6
7;3
3;7
8;3
3;8
9;3
3;9
10;3
3;10
6;4
4;6
7;4
4;7
8;4
4;8
9;4
4;9
10;4
4;10
7;5
5;7
8;5
5;8
9;5
5;9
10;5
5;10
8;6
6;8
9;6
6;9
10;6
6;10
9;7
7;9
10;7
7;10
10;8
8;10
ext
r8;r10
74
2;1
1;2
4;1
1;4
5;1
1;5
6;1
1;6
7;1
1;7
8;1
1;8
9;1
1;9
10;1
1;10
3;2
2;3
5;2
2;5
6;2
2;6
7;2
2;7
8;2
2;8
9;2
2;9
10;2
2;10
4;3
3;4
6;3
3;6
7;3
3;7
8;3
3;8
9;3
3;9
10;3
3;10
5;4
4;5
7;4
4;7
8;4
4;8
9;4
4;9
10;4
4;10
6;5
5;6
8;5
5;8
9;5
5;9
10;5
5;10
7;6
6;7
9;6
6;9
10;6
6;10
8;7
7;8
10;7
7;10
9;8
8;9
10;9
9;10
ext
r9;r10
72
3;1
1;3
4;1
1;4
5;1
1;5
6;1
1;6
7;1
1;7
8;1
1;8
9;1
1;9
10;1
1;10
4;2
2;4
5;2
2;5
6;2
2;6
7;2
2;7
8;2
2;8
9;2
2;9
10;2
2;10
5;3
3;5
6;3
3;6
7;3
3;7
8;3
3;8
9;3
3;9
10;3
3;10
6;4
4;6
7;4
4;7
8;4
4;8
9;4
4;9
10;4
4;10
7;5
5;7
8;5
5;8
9;5
5;9
10;5
5;10
8;6
6;8
9;6
6;9
10;6
6;10
9;7
7;9
10;7
7;10
10;8
8;10
